Comparison with Ghia et al. (1982), Re=100
==================================================

u(x=0.5)
------------------------------------------
     y/H      u_sim     u_Ghia    err_u,%
------------------------------------------
  0.0547   -0.03641   -0.03717       2.05
  0.0625   -0.04108   -0.04192       1.99
  0.0703   -0.04541   -0.04775       4.90
  0.1016   -0.06221   -0.06434       3.31
  0.1719   -0.09596   -0.10150       5.46
  0.2813   -0.14316   -0.15662       8.60
  0.4531   -0.19230   -0.21090       8.82
  0.5000   -0.19172   -0.20581       6.84
  0.6172   -0.14461   -0.13641       6.01
  0.9690    0.70084    0.78900      11.17
  0.9770    0.75236    0.84100      10.54
  1.0000    0.91298    1.00000       8.70
------------------------------------------

v(y=0.5)
------------------------------------------
     x/L      v_sim     v_Ghia    err_v,%
------------------------------------------
  0.0625    0.09060    0.09233       1.88
  0.0703    0.09828    0.10091       2.61
  0.0781    0.10596    0.10890       2.70
  0.0938    0.11976    0.12326       2.84
  0.1563    0.15495    0.16077       3.62
  0.2266    0.16636    0.17507       4.97
  0.2344    0.16654    0.17527       4.98
  0.5000    0.05346    0.05454       1.99
  0.8047   -0.22604   -0.24533       7.86
  0.8594   -0.22499   -0.22445       0.24
------------------------------------------
