Comparison with Ghia et al. (1982), Re=100
==================================================

u(x=0.5)
------------------------------------------
     y/H      u_sim     u_Ghia    err_u,%
------------------------------------------
  0.0547   -0.03683   -0.03717       0.92
  0.0625   -0.04156   -0.04192       0.86
  0.0703   -0.04594   -0.04775       3.79
  0.1016   -0.06294   -0.06434       2.18
  0.1719   -0.09705   -0.10150       4.39
  0.2813   -0.14446   -0.15662       7.76
  0.4531   -0.19293   -0.21090       8.52
  0.5000   -0.19197   -0.20581       6.72
  0.6172   -0.14385   -0.13641       5.45
  0.9690    0.70132    0.78900      11.11
  0.9770    0.75276    0.84100      10.49
  1.0000    0.91313    1.00000       8.69
------------------------------------------

v(y=0.5)
------------------------------------------
     x/L      v_sim     v_Ghia    err_v,%
------------------------------------------
  0.0625    0.09153    0.09233       0.87
  0.0703    0.09928    0.10091       1.61
  0.0781    0.10703    0.10890       1.71
  0.0938    0.12096    0.12326       1.86
  0.1563    0.15643    0.16077       2.70
  0.2266    0.16778    0.17507       4.17
  0.2344    0.16793    0.17527       4.18
  0.5000    0.05330    0.05454       2.28
  0.8047   -0.22734   -0.24533       7.33
  0.8594   -0.22620   -0.22445       0.78
------------------------------------------

